1111
22222
3333331111
22222
3333331111
22222
3333331111
22222
3333331111
22222
3333331111
22222
3333331111
22222
3333331111
22222
3333331111
22222
3333331111
22222
3333331111
22222
3333331111
22222
3333331111
22222
3333331111
22222
3333331111
22222
3333331111
22222
3333331111
22222
3333331111
22222
3333331111
22222
3333331111
22222
3333331111
22222
3333331111
22222
3333331111
22222
3333331111
22222
3333331111
22222
3333331111
22222
3333331111
22222
3333331111
22222
3333331111
22222
3333331111
22222
3333331111
22222
3333331111
22222
3333331111
22222
3333331111
22222
3333331111
22222
3333331111
22222
3333331111
22222
3333331111
22222
3333331111
22222
3333331111
22222
3333331111
22222
3333331111
22222
3333331111
22222
3333331111
22222
3333331111
22222
3333331111
22222
3333331111
22222
3333331111
22222
3333331111
22222
3333331111
22222
3333331111
22222
3333331111
22222
3333331111
22222
3333331111
22222
3333331111
22222
3333331111
22222
3333331111
22222
3333331111
22222
3333331111
22222
3333331111
22222
3333331111
22222
3333331111
22222
3333331111
22222
3333331111
22222
3333331111
22222
3333331111
22222
3333331111
22222
3333331111
22222
3333331111
22222
3333331111
22222
3333331111
22222
3333331111
22222
3333331111
22222
3333331111
22222
3333331111
22222
3333331111
22222
3333331111
22222
3333331111
22222
3333331111
22222
3333331111
22222
3333331111
22222
3333331111
22222
3333331111
22222
3333331111
22222
3333331111
22222
3333331111
22222
3333331111
22222
3333331111
22222
3333331111
22222
3333331111
22222
3333331111
22222
3333331111
22222
3333331111
22222
3333331111
22222
3333331111
22222
3333331111
22222
3333331111
22222
3333331111
22222
3333331111
22222
3333331111
22222
3333331111
22222
3333331111
22222
3333331111
22222
3333331111
22222
3333331111
22222
3333331111
22222
3333331111
22222
3333331111
22222
3333331111
22222

22222
3333331111
22222
333333
